260.77
89.39
261.58
93.07
263.76
88.36
262.80
114.74
109.92
169.88
98.12
81.11
149.84
251.12
152.56
255.88
252.20
219.10
251.01
245.49
187.70
83.30
107.20
149.13
255.13
115.74
113.26
156.39
103.08
247.29
174.68
180.15
177.71
105.52
155.42
158.72
187.08
85.84
245.22
185.21
85.35
114.14
160.92
223.10
77.92
85.54
257.51
104.64
224.01
168.57
246.64
234.21
99.26
249.51
231.66
191.44
253.42
175.21
81.04
253.62
80.30
158.08
162.23
104.54
252.91
226.47
172.65
250.15
258.75
256.19
167.32
221.02
81.82
260.35
156.99
241.97
87.57
186.20
182.05
149.62
160.22
155.36
154.87
89.50
223.24
254.14
103.42
165.04
104.76
164.98
112.01
167.78
240.58
101.42
179.88
224.26
192.55
119.98
227.19
181.82
635.19
1047.69
689.40
1022.25
851.62
588.63
946.81
966.39
655.88
922.42
648.41
1074.38
939.83
995.09
985.40
1029.80
614.03
643.53
855.59
656.61
1076.71
1040.23
719.28
956.53
668.88
1067.97
593.83
654.23
586.70
584.83
993.49
749.71
750.21
615.61
920.88
558.81
801.52
909.36
1007.67
684.04
644.82
777.08
811.83
558.86
749.94
911.93
1123.62
1054.11
642.91
979.46
624.46
1037.99
783.02
969.02
920.24
749.35
958.38
839.56
570.97
643.57
883.88
502.00
799.23
722.43
994.63
892.95
583.30
608.95
1010.48
410.03
541.46
683.00
684.46
832.63
890.72
896.47
1022.00
636.72
549.35
679.51
992.46
872.66
765.52
1017.02
931.49
763.95
683.71
644.20
726.92
969.81
1084.00
862.41
717.89
545.42
503.32
810.67
730.96
491.60
499.44
704.92
2104.05
1588.08
2156.28
1338.04
1457.88
2298.79
1586.01
1292.90
1701.45
1854.90
1496.24
1532.55
1648.76
1472.81
1901.12
1853.51
1556.90
1486.74
1606.17
1600.76
1424.97
1769.18
2254.89
1933.80
2091.22
1267.50
1438.36
1748.82
1453.01
1934.65
1047.30
1496.08
1658.54
1830.42
1226.02
1932.35
1559.99
1451.52
1730.98
1564.08
1486.82
1445.33
1311.45
1418.41
1897.54
1918.12
1755.84
2210.11
1592.87
2026.41
1881.32
1771.62
1837.77
1600.24
2082.02
1361.32
1361.83
1168.76
1699.41
1513.98
1504.04
1863.77
1936.20
1944.04
1586.92
1975.31
1866.05
1651.61
1789.23
1951.92
1633.31
1815.31
1379.30
1568.69
1166.41
1401.59
1951.32
1347.23
1401.49
1486.48
1989.45
1438.88
1755.84
2151.21
1450.49
1846.98
1977.73
1336.95
1873.91
1546.56
2012.89
1675.13
1985.77
2119.32
1541.99
1392.84
1435.03
2428.56
1600.27
1816.36
1369.93
1018.80
572.40
762.76
769.08
595.51
547.53
674.54
808.90
1256.34
549.36
600.05
728.97
526.38
681.58
1021.90
939.90
426.09
640.90
572.64
943.47
595.29
547.58
860.88
904.20
524.86
1011.30
1022.44
606.04
668.44
334.49
553.37
552.00
1512.39
784.43
558.35
528.38
536.76
929.03
973.81
414.31
584.14
698.64
1218.16
1047.22
665.35
826.37
527.94
479.18
962.05
1305.94
793.24
543.95
960.60
451.79
486.01
635.82
745.22
419.56
462.97
514.39
639.00
1173.35
711.27
348.25
1055.27
1021.63
511.11
461.84
530.84
1111.45
625.40
752.95
776.75
739.09
788.70
627.96
432.25
525.28
1179.59
548.64
956.11
562.17
381.14
831.65
592.00
1509.26
410.56
600.16
893.41
470.71
934.23
491.84
760.48
1325.51
799.61
839.42
686.96
1065.61
1034.40
1439.65
448.42
1289.97
1273.45
587.82
472.28
1377.90
702.86
864.17
1388.02
536.08
681.56
1308.75
1064.82
1120.77
581.02
1679.00
355.42
1478.18
329.06
772.84
465.14
615.86
1124.75
665.54
688.54
1299.85
614.36
373.84
1451.55
397.74
635.09
1206.00
700.36
536.88
1598.85
590.60
653.57
1261.12
642.30
1106.77
1381.60
445.98
451.54
546.06
1378.35
326.38
748.92
1496.92
457.72
245.43
266.82
312.00
470.23
671.07
466.25
607.67
872.50
371.99
474.52
703.75
816.71
548.43
522.29
904.83
399.00
720.52
584.37
607.75
296.38
668.78
585.88
704.83
615.93
524.11
933.16
579.25
904.62
894.03
358.06
451.85
500.07
271.42
308.99
852.21
552.60
921.13
588.79
621.66
966.87
389.65
330.00
379.00
806.14
352.10
297.41
631.80
555.71
878.27
907.49
600.13
573.01
427.99
246.80
611.90
245.73
951.06
420.76
565.98
369.94
547.46
460.37
443.87
362.01
272.13
556.92
799.97
739.90
554.76
378.46
849.45
903.21
710.47
361.24
435.77
365.20
411.24
486.89
903.89
332.05
453.81
625.22
497.22
537.47
277.46
489.82
1004.06
303.45
684.34
411.84
512.42
607.10
535.12
196.72
377.44
354.51
715.46
728.09
353.22
931.96
962.37
797.43
866.42
1390.72
827.07
494.11
1077.92
992.44
1188.43
914.31
1128.76
949.61
1280.09
965.22
945.44
1177.36
643.74
576.44
1264.92
1370.59
585.42
549.86
721.56
1434.58
1097.56
1180.09
1290.67
1076.15
1246.70
557.96
1049.41
793.70
583.55
578.24
1221.54
993.45
1370.91
1190.71
768.77
1354.01
1325.27
1290.40
1218.70
1344.01
1199.89
923.23
953.76
1342.20
699.25
880.51
1284.97
668.50
1452.14
935.70
563.52
931.06
708.93
536.87
672.74
1005.44
1043.08
1214.82
804.47
1417.87
940.93
1024.90
759.68
902.46
1165.58
604.74
1432.13
470.14
935.15
508.87
1256.69
887.14
1385.41
656.44
1429.51
735.43
700.83
647.02
1097.13
949.00
1261.82
958.28
1210.30
945.83
1084.94
1227.32
487.56
1081.69
655.83
1285.58
1310.33
796.26
598.69
1334.46
992.34
676.11
1585.01
1564.08
1964.48
1717.71
1394.26
2074.30
1779.87
1895.67
1731.43
1842.60
1939.48
1838.70
1686.58
1910.02
1906.04
1983.18
1816.03
1782.19
1706.63
1945.36
1750.83
1668.95
1536.33
1694.92
1776.36
1445.38
1545.70
1876.57
1161.59
1788.53
1868.82
1746.53
1837.27
1880.02
1750.05
1888.20
1180.95
2016.06
2163.62
1165.13
1638.99
2013.30
1846.30
1621.11
1655.84
2078.82
1636.07
1888.03
2059.11
1924.57
1208.22
1908.41
1383.81
1623.94
2052.74
1821.69
1792.85
1794.26
1402.29
1389.20
1437.80
1660.14
1407.72
1746.99
1827.74
1988.84
1863.64
1361.66
2109.11
1187.78
2035.77
1557.57
1633.79
1898.68
1923.50
1903.45
1557.76
1750.57
1870.69
1382.48
1871.96
1476.87
1755.99
2139.20
1604.06
1592.24
1969.18
1486.47
1374.99
1770.34
1202.84
1775.15
2023.53
1684.66
1814.62
1780.89
2000.76
1718.53
1184.67
1766.30
1145.98
987.06
1348.41
2366.06
952.84
739.25
1471.58
1671.75
468.25
1747.02
2368.64
1174.58
2112.82
2100.03
855.12
2370.11
1786.14
1717.12
2184.56
2295.31
1206.96
2438.94
1804.41
2049.32
1697.06
1407.05
1202.93
1132.98
2148.43
1743.62
2183.91
1352.76
2207.19
634.09
1014.57
2294.38
1133.58
2108.28
1763.82
360.76
2068.94
1926.23
1593.59
501.84
862.86
1822.72
2503.73
807.97
2052.11
690.15
1601.30
924.29
1746.99
2322.56
1739.24
1603.78
1496.55
1482.30
1036.35
2733.83
1629.31
1551.30
418.06
132.39
1164.59
848.68
1399.50
2421.70
1162.47
1232.44
2096.81
1019.15
816.35
383.77
1302.24
1094.77
1724.39
1302.80
454.19
1650.19
1766.26
1412.09
1309.82
1499.53
401.19
2144.34
1174.80
1993.58
948.19
2173.67
2146.53
711.81
1806.35
599.17
834.32
1500.42
2078.93
846.55
587.25
813.41
1875.58
1423.82
1676.36
2251.66
2050.06
1838.94
1816.32
1223.53
976.05
1889.57
2149.53
755.52
1689.45
855.79
815.29
1535.99
2067.90
957.21
1536.73
1083.91
1119.49
1712.49
1158.10
1169.20
787.20
2199.34
1718.67
1199.49
1066.48
2059.95
330.22
915.06
1018.88
645.67
462.09
1309.29
771.47
737.32
1920.29
752.28
497.59
912.29
750.31
2058.46
1133.62
2288.79
2150.91
938.13
598.85
1918.74
1251.66
1678.54
2309.89
2204.40
1252.87
519.45
1121.48
472.38
1326.51
1725.26
2266.80
1446.09
422.69
1167.44
1803.52
1668.63
1318.09
1162.70
1374.41
2280.61
2149.96
2632.45
758.43
2425.96
986.66
1137.63
1711.83
2823.44
1570.63
1763.42
1409.34
2298.89
1997.50
1834.06
1852.93
1147.57
390.50
630.82
648.91
1889.66
2352.95
2221.05
910.11
931.85
1276.37
1236.15
1635.03
1767.90
855.49
1701.01
864.90
1067.81
2363.51
1248.45
752.87
1807.65
1169.40
907.20
1296.98
2353.94
1011.23
1836.19
1438.71
702.24
1957.39
2480.08
2273.29
2365.41
980.79
1445.40
773.82
2616.47
1854.14
2059.84
913.40
1501.58
823.29
460.77
912.52
2243.81
1047.79
1568.59
1648.91
1732.71
2230.07
1015.62
2220.71
2372.07
2531.79
1965.12
1174.59
1341.32
1880.47
966.53
2341.35
1913.88
780.04
1395.44
1954.14
2010.49
470.48
580.70
2248.04
1677.39
1853.68
2791.96
1146.36
2558.93
1584.28
2461.77
1927.55
2056.12
1001.93
1455.05
996.09
1348.60
789.00
1186.77
926.69
1890.38
1343.42
1599.61
1256.76
2094.36
1259.51
1823.57
1954.76
2241.74
2137.39
951.64
655.32
1194.14
560.48
879.46
1176.45
1028.72
1181.68
1252.31
1388.41
1187.54
1401.86
738.46
2277.60
1774.25
803.43
1462.07
909.66
2098.07
841.97
1433.47
1288.12
2060.08
581.41
2681.86
761.05
1825.82
1973.36
1549.65
1463.67
2287.67
2183.48
1549.93
1703.63
1395.70
1677.28
719.28
1867.42
2012.34
2099.84
1146.03
1308.94
2011.28
520.64
1436.84
1164.59
1131.84
1608.67
1301.76
1987.01
1126.21
1585.69
1028.09
1572.62
1781.30
1212.25
418.96
1255.95
2179.70
2064.09
616.48
2131.47
926.85
1694.69
1582.96
1438.57
677.20
280.36
1502.85
2119.77
2050.99
1222.45
1124.04
2143.45
1092.00
1439.44
2136.49
1547.19
1296.71
1268.96
2193.41
2211.39
2030.26
1743.41
1124.46
1264.22
1069.89
1946.75
1004.23
2121.46
1656.14
950.58
1454.07
2433.53
534.26
1473.76
838.62
2049.38
1855.26
1070.38
1159.55
919.70
2234.42
1752.09
1329.81
595.20
1130.94
850.02
982.25
1838.34
2169.49
777.98
1413.13
1905.72
801.01
1527.83
972.54
1614.05
2235.40
2035.99
832.29
1335.96
1409.24
201.70
2670.29
1014.38
1321.63
1679.28
1405.54
2141.73
680.62
606.88
1684.16
649.06
2220.20
1375.96
1991.14
417.03
785.92
1184.59
1477.38
1806.71
1206.76
1634.94
1868.83
1545.09
1550.19
1880.45
874.21
2324.49
1966.94
1116.48
1698.54
591.63
1568.84
2186.56
1977.61
684.67
913.50
1627.87
1602.84
2163.39
1619.28
1700.76
1829.97
2083.49
2389.87
2172.43
1532.26
1720.70
1609.87
1235.17
1561.16
1174.02
1234.83
518.85
749.20
1854.36
1102.40
2146.86
1235.77
2086.01
406.70
1994.22
1547.66
1529.31
2171.08
292.04
1608.20
1831.12
391.67
1556.93
929.76
739.07
1994.11
950.07
2207.44
942.60
1131.52
1093.27
949.08
1062.30
1658.80
870.66
1763.12
1807.07
411.06
1693.63
598.33
800.46
1386.53
574.45
1803.32
580.82
810.68
1373.08
1737.15
1907.04
2440.56
1903.12
759.23
2096.69
1840.95
1223.47
1123.95
612.38
1405.70
882.48
1291.54
1297.87
2317.77
882.20
530.66
1816.72
1755.34
1453.45
1300.20
2225.31
1571.24
1457.60
685.44
1075.81
1099.65
1218.81
1898.16
979.84
1967.01
1819.64
1280.87
1169.09
1499.53
662.68
1778.89
840.91
1255.19
1844.04
1039.99
2228.28
1100.04
379.65
974.75
1210.03
2372.60
1206.07
1812.53
872.29
1102.82
1516.20
1498.50
1083.20
1326.31
2072.84
1012.87
1813.41
1141.57
1994.96
2376.16
2610.93
2323.48
959.61
642.74
934.95
1279.46
1262.91
1671.21
2202.94
1647.46
591.28
1272.28
1630.36
1346.34
1584.82
1189.33
1339.66
1758.93
1174.03
1026.75
728.00
1414.64
925.61
1012.40
927.31
1637.88
1555.31
1742.46
769.62
1348.74
1695.67
573.90
1060.33
776.74
415.72
840.48
611.46
984.53
712.61
2080.46
1720.63
1830.93
794.91
1178.23
1638.54
1395.89
990.69
1169.09
2837.79
2144.15
1336.97
1781.55
394.76
1990.50
954.66
1478.34
758.09
1771.73
1679.50
829.00
1257.12
1412.16
800.03
2200.22
2387.81
2423.62
977.59
1745.90
1927.33
1682.65
1237.80
514.65
1834.52
1171.87
2064.69
985.54
916.93
2110.32
1390.84
933.79
2205.79
1510.35
1663.84
1150.59
977.33
2430.92
1850.31
1831.34
2322.15
1043.53
773.14
2233.99
763.63
821.72
1411.38
924.53
1800.12
2224.10
1256.64
507.54
1956.74
1254.39
1812.88
352.76
578.09
1335.39
732.14
2142.66
630.59
897.90
1145.93
1965.62
1385.54
2044.96
1092.19
1540.14
1376.59
2166.70
1191.82
1934.88
1764.67
2112.90
503.90
1395.40
817.26
658.28
1340.22
1999.19
1452.10
1017.71
1745.40
946.75
1428.47
1935.41
724.36
2154.10
737.07
2211.28
1018.01
1852.23
1007.66
2751.87
756.66
1499.10
2093.87
1986.17
1243.21
614.67
871.44
2211.41
1359.38
1834.20
886.94
327.81
1542.06
1201.48
951.59
1579.90
2469.95
912.26
591.59
1879.98
1751.26
558.23
1759.59
953.16
609.24
1623.64
1451.70
537.63
1356.68
984.92
1039.38
910.80
2440.51
1254.78
783.78
804.95
936.48
1943.94
1620.23
661.58
747.56
455.28
1294.70
923.14
506.61
972.70
1469.73
1878.93
1824.12
1503.80
1832.38
1117.34
1671.58
2239.73
630.53
2191.56
1713.26
1839.40
546.20
562.34
783.31
1466.73
2232.92
1120.34
2607.13
1109.40
993.26
1638.93
1023.70
1395.53
2400.28
2006.54
1014.32
904.00
603.22
541.50
716.95
951.25
1048.22
1273.68
1519.71
547.60
709.83
443.52
1884.33
1367.86
1710.38
1624.40
2629.99
1812.23
155.43
901.02
816.88
1057.28
1661.03
1435.94
1401.54
1818.52
2357.50
2218.07
636.54
301.06
1388.97
992.20
1746.10
1440.69
1063.74
1206.36
286.50
390.84
1362.99
1557.81
514.28
530.08
666.32
1364.98
1443.35
1011.88
1878.25
268.96
1183.79
1012.03
1254.60
1785.94
1953.17
1706.46
1084.37
1902.65
1098.92
2116.37
1080.44
1898.50
892.78
1238.73
1214.22
1225.98
1526.94
1549.86
1130.90
1256.44
2139.69
2089.22
1158.61
1733.67
798.96
975.21
1657.48
1107.02
1274.40
1230.30
1087.70
2709.58
1528.45
2123.43
358.83
1639.33
849.75
2687.80
1253.04
1198.10
743.06
603.59
2057.72
2127.20
2227.18
959.15
1914.33
1594.08
2810.63
1478.98
508.76
807.57
1288.52
1011.11
1061.85
1317.57
959.56
1581.02
1610.23
1989.23
857.84
642.83
846.78
1624.97
660.69
1715.96
900.70
1515.74
368.57
664.62
1155.11
901.83
1613.85
1442.06
1622.83
1860.46
459.28
1596.03
958.42
1670.39
876.75
768.33
1380.52
1071.32
2039.89
2579.54
2176.05
1130.24
994.88
997.23
1585.27
1174.99
1280.60
1107.20
657.72
1198.68
1918.07
2174.00
1431.78
937.43
801.92
1076.93
686.20
1972.96
625.53
272.04
813.31
529.75
1997.82
1323.78
1192.72
723.03
1512.50
1820.83
854.08
1107.34
1035.21
1496.34
1265.82
2116.67
2231.36
1142.05
1517.54
371.91
1236.76
1755.81
658.82
1000.49
1191.18
1129.76
2196.12
866.04
1292.22
632.09
2530.11
901.93
2061.11
951.35
961.07
1309.99
1813.57
513.28
1251.25
368.51
766.38
1250.94
2350.55
441.36
1928.34
469.50
1658.51
1447.97
1704.39
2114.77
1190.25
1262.51
1709.52
1189.09
1208.94
826.78
2145.58
2041.15
1570.99
1825.07
2455.12
1841.25
762.99
1257.26
1068.44
1019.27
1168.05
1388.78
1293.20
1334.73
1468.64
1852.10
2118.85
1806.28
1903.61
2177.72
1950.91
974.55
735.73
1272.61
2239.24
590.82
1836.48
1107.26
1570.81
1980.36
1889.25
2092.51
957.33
1751.78
1801.40
1376.97
1822.37
1710.98
2546.76
440.95
1210.18
1008.45
1930.40
1528.39
1165.23
2299.12
1324.73
937.52
1053.10
1354.98
1689.76
399.16
1829.16
1071.74
655.37
2071.03
1612.32
1225.79
615.55
1935.98
888.33
2217.60
2260.39
1406.37
1407.07
843.09
2284.46
977.53
1287.60
691.94
1333.87
1071.37
560.73
1834.37
1885.00
1121.86
2547.60
1876.27
1625.04
1501.29
1312.23
2251.92
1462.24
2359.28
547.31
1608.64
744.22
1372.40
1423.82
1741.76
1572.52
2143.66
1764.84
1026.32
1182.20
1251.05
894.98
2195.53
1588.19
902.93
573.79
1712.14
1795.27
1065.92
447.12
897.20
1451.16
733.16
812.81
736.10
320.96
840.24
640.36
1404.06
775.77
477.87
1057.28
1844.43
637.87
533.78
1848.92
1147.19
1176.36
2066.94
1509.07
1299.73
1247.37
1364.97
1273.60
805.99
1995.68
1729.13
859.47
526.79
1639.54
1482.87
1039.10
525.89
839.23
1965.96
1288.53
1220.94
1587.90
1495.51
2136.64
2486.24
1045.93
1444.00
2181.15
684.35
881.96
1033.93
1082.55
709.28
551.26
1910.78
1825.97
1932.94
867.55
1492.29
1656.00
1205.76
2221.73
1997.58
1280.45
1046.00
886.74
1945.74
640.23
1178.15
1736.57
1073.02
990.61
921.11
1685.55
552.26
1510.76
1885.05
722.14
630.13
1537.98
1421.09
1772.89
410.44
616.13
1563.36
1306.48
1918.70
1400.32
2709.65
2219.32
2223.37
1596.01
996.26
1312.92
1152.19
1547.27
1446.45
439.92
1286.56
632.09
1912.08
1997.37
968.44
1802.11
872.85
1228.11
2118.20
398.13
1156.33
946.28
2186.18
2266.29
1122.83
842.80
1214.96
1856.29
156.92
556.94
1865.24
1473.78
662.11
1674.24
1544.21
503.00
600.66
1674.04
2000.54
1321.53
1729.77
2562.77
1024.44
1990.98
1039.67
1789.56
1615.71
1235.22
1396.70
1552.89
1038.93
1937.39
893.62
1968.82
1240.98
924.95
1819.51
1877.78
1330.71
762.81
1180.96
2162.31
1050.78
1465.45
993.00
1417.90
1290.34
1920.16
1843.21
391.58
203.98
624.04
1353.59
2112.51
1834.31
1601.05
967.51
2218.81
1992.37
2021.64
457.26
1314.69
1651.74
1427.40
1920.55
2233.80
932.25
2091.32
1120.87
1414.00
1177.84
776.14
1300.86
845.35
1397.51
1195.51
2049.34
256.88
2005.32
1169.29
1022.36
492.44
612.11
2186.69
1640.45
2199.82
1591.06
2363.77
649.50
708.87
1962.64
1916.41
1083.40
474.41
692.86
1444.33
1986.61
1362.26
448.72
966.50
620.95
531.78
2152.51
1731.99
1730.91
861.06
1448.13
1873.10
2058.76
1151.80
1161.03
2120.16
1113.82
393.09
2533.26
2066.32
2125.07
2084.59
640.49
1291.40
498.41
1784.87
1877.52
1114.37
1572.90
2307.28
380.12
707.13
620.79
1915.36
816.22
2124.52
720.91
1000.10
1663.83
1727.32
2162.72
476.17
1977.46
801.86
1451.49
1210.89
2013.34
906.56
2127.06
2116.31
765.10
1415.19
1484.75
2244.31
1877.92
1282.50
1569.03
1245.61
691.20
1489.70
1073.91
958.52
963.71
1160.23
1221.52
1456.00
1076.02
1791.25
926.64
1064.68
2106.46
979.29
2094.10
1854.88
1853.07
1101.65
1696.26
666.72
2321.98
1741.47
1342.72
1285.98
1008.56
1735.98
1694.06
1473.11
2033.17
591.52
792.69
1442.06
2038.62
614.53
1449.33
796.17
1990.09
2011.42
419.82
1720.72
2417.27
2401.08
1036.76
1247.11
520.19
745.97
2179.08
1766.58
1221.39
975.60
674.47
1054.03
1607.55
1018.40
2110.21
1736.10
195.70
1361.74
1370.21
2435.42
1444.96
1705.09
2316.22
897.07
1267.00
1598.96
1131.67
767.21
1602.62
915.62
1535.96
1648.05
1950.69
1818.33
1530.80
583.84
564.71
1523.71
759.64
1059.96
592.64
671.78
1247.75
1065.55
1524.72
846.52
2040.89
664.61
2488.07
800.54
552.01
1836.41
1352.48
1455.39
2422.04
1472.74
2295.21
1545.43
1872.09
1101.11
364.76
1068.94
1256.39
1963.78
492.23
1931.10
2131.33
862.12
1897.39
712.10
477.90
1192.49
1264.43
144.30
780.30
1423.47
1958.95
1961.14
2399.98
1299.91
2180.89
1147.70
625.35
1832.00
1573.23
677.39
1236.58
974.45
2338.94
1880.10
1791.89
607.84
2240.63
1488.86
859.07
929.40
755.08
2541.04
787.36
1931.41
2651.27
636.99
2131.60
139.23
2474.11
844.10
2074.47
1889.29
591.50
2158.49
2451.54
1192.20
1468.59
446.39
1143.92
2030.35
1070.42
1149.48
2206.00
699.46
2059.05
1524.37
1828.54
216.36
2263.49
317.32
171.40
1986.68
1295.69
1989.44
1147.34
796.68
2189.84
1014.31
1344.91
1639.66
1519.41
1449.94
2138.02
711.28
1707.34
899.58
852.15
1568.00
1201.25
2112.66
971.28
679.56
994.78
2171.55
507.11
558.88
799.78
1618.16
1114.29
790.20
1618.46
997.58
2084.02
920.75
2028.79
624.36
2257.67
2170.34
1064.66
749.28
1340.68
1224.42
1541.50
1903.49
607.05
1895.37
1012.84
1353.28
434.51
1115.42
354.05
1918.30
2373.03
1984.46
1062.69
1604.33
438.50
1386.79
2149.35
1514.44
377.53
1172.84
1404.21
472.67
842.94
577.36
1002.83
846.75
2201.53
1096.27
384.87
795.99
2611.52
1291.92
2155.28
2403.41
1099.49
1142.78
2419.05
854.55
1445.81
1241.95
1497.20
1327.38
1729.01
954.30
1273.12
2029.54
1386.13
606.22
2268.87
1782.87
1632.19
1868.03
929.91
1675.28
2039.72
1801.84
636.28
903.82
1858.24
1054.42
483.10
1346.28
913.15
1028.84
194.88
1064.79
2247.70
2037.84
1709.43
1534.29
1323.70
1701.82
1297.27
1080.28
1021.91
542.07
1850.35
1715.24
1263.54
1186.30
953.13
2016.57
2363.42
1703.57
647.55
1527.37
1607.50
2360.69
1151.72
822.58
1298.35
748.72
1490.86
2424.54
1498.38
1850.10
1510.99
1355.29
1358.94
872.94
1938.24
1617.29
1635.24
1053.99
1604.55
1327.50
1798.92
786.30
1388.85
1374.05
1792.92
1219.08
675.98
1830.05
1761.80
1358.82
912.57
991.27
1159.19
1276.98
2202.94
655.05
1983.56
596.50
1197.24
413.63
1865.84
706.62
529.71
270.79
2114.14
1369.76
484.06
1177.26
2415.67
1968.20
1312.42
2329.85
1384.08
1732.19
1305.68
1055.92
2347.17
1446.18
453.29
2267.43
1383.64
1450.13
1727.09
2707.69
1527.14
1868.05
1853.14
1149.97
1702.23
1773.05
1147.87
1280.73
968.88
2624.70
1552.37
1353.10
1654.28
1186.66
1117.68
2506.70
1425.17
1125.35
1181.15
1325.57
2133.69
564.24
1775.14
951.03
2854.70
1789.64
1369.48
1883.89
1934.81
2036.47
1905.36
1467.59
1361.58
1831.33
292.81
2731.07
2243.99
2613.52
1175.31
1107.19
852.39
730.63
2196.24
260.82
1194.49
1592.89
760.60
2293.74
1357.00
1061.18
1073.80
1183.23
1855.84
1308.10
1565.00
1087.84
1219.03
1027.50
2116.26
787.45
1053.18
456.24
643.69
531.04
1521.01
581.85
1142.92
706.62
986.12
1917.81
1912.84
1641.87
2236.61
732.90
940.63
1724.89
2364.08
706.56
370.41
1548.12
1759.23
1903.44
1393.70
1913.20
472.36
406.44
1892.66
644.50
1445.40
1268.79
2514.33
981.10
1121.55
1531.96
964.88
820.04
1893.51
2585.45
1196.35
1994.99
1212.16
1220.42
1878.19
1332.91
2425.58
1262.70
1642.20
888.72
2497.10
591.49
974.63
1081.15
736.39
1583.94
1367.81
1473.25
1819.78
2088.75
1650.88
1685.01
1422.63
864.30
1301.80
478.21
1807.94
1512.02
2615.50
2315.41
426.75
643.11
1690.19
2363.36
701.08
2131.14
575.50
1611.95
1023.63
542.32
2355.22
656.56
701.12
2028.61
1801.31
704.69
1285.10
499.32
792.49
1667.21
2395.27
1558.23
1343.16
1172.14
1693.82
2257.84
1926.05
1053.19
2044.59
292.14
1186.41
1322.26
1931.31
320.76
530.61
2220.22
1931.13
1853.17
1524.78
1298.32
2297.67
2081.17
1659.63
1814.43
1541.79
770.66
1950.93
937.77
1377.77
1634.11
847.89
594.35
1969.83
1501.83
1818.80
2167.10
2590.84
2604.00
1593.37
1373.69
731.95
816.09
719.50
958.89
1095.90
1502.61
2034.77
697.39
2227.45
1500.68
1824.83
1855.54
1061.51
1270.10
406.60
548.51
681.25
1316.77
1318.60
1968.87
1523.20
2195.84
1264.04
1953.70
1374.27
317.51
669.98
1698.58
983.25
995.84
556.10
574.54
797.25
832.05
1191.85
1530.52
563.39
1278.62
1413.95
2193.63
637.02
1160.36
463.54
480.49
2213.67
1817.46
1952.89
1276.76
1674.82
1443.09
1415.45
2558.87
1004.18
1945.49
969.38
1610.19
690.58
1241.38
1495.34
215.21
2206.95
2249.58
1460.43
1144.91
1329.94
1324.30
1002.89
1583.01
781.77
1480.24
725.65
1345.59
2003.82
1955.46
601.13
970.79
2162.74
381.30
1975.35
1852.97
1003.14
941.66
2111.67
1902.07
828.71
1634.52
1335.56
718.27
1230.06
1980.34
1304.44
751.10
2561.90
1304.35
701.36
2022.02
2299.74
1138.07
681.70
1880.33
505.70
848.23
1823.42
959.31
337.94
1676.86
260.80
1321.82
1132.45
1083.20
1683.45
1815.54
1197.84
1149.17
367.40
1406.31
1345.59
2086.28
1346.91
1314.68
2023.36
1803.95
1184.64
1394.67
1553.67
1625.03
225.39
2615.16
1376.91
634.03
525.81
720.77
2428.47
1467.29
1014.35
2097.07
2183.31
1451.12
1867.32
1523.47
1231.43
1766.66
1163.13
1906.27
2197.24
1574.95
2356.03
718.71
1256.54
763.46
1572.27
1165.14
2149.81
861.04
1080.92
2066.86
1104.52
1446.23
1124.36
1092.20
775.88
844.87
1010.70
869.11
2653.22
851.02
1585.36
1837.92
1773.48
2375.16
1094.05
1109.35
1028.69
1593.07
855.55
656.50
1112.21
1214.80
932.81
1994.27
1282.70
842.27
666.19
686.65
1518.84
2453.65
1290.58
773.42
2365.03
854.43
1958.89
2803.96
1963.47
1816.34
1355.25
1355.86
753.74
352.82
1649.48
2261.48
1235.00
1151.09
2627.57
1256.47
2080.79
1854.66
1624.20
774.79
1125.94
1798.61
1055.52
919.72
1953.68
1728.34
1618.97
2537.36
1104.86
2399.82
2574.90
710.82
1094.40
1336.84
1476.24
1885.58
1754.44
706.39
2253.82
1394.48
2177.79
854.06
1073.76
2536.12
285.53
513.09
662.39
715.39
2019.63
1742.00
2078.45
622.11
1698.82
1040.83
860.06
2053.92
1791.17
1386.12
812.99
1752.66
1121.24
1341.26
1503.93
2383.80
1409.68
1103.64
817.55
765.42
1137.13
1180.95
1492.81
329.05
625.84
1031.38
1143.14
1264.68
1932.91
1575.56
2353.48
2079.69
1904.26
1353.94
1576.37
1213.79
1958.20
1805.58
1140.88
2325.48
2738.72
1093.92
1918.86
1118.79
1635.67
1829.97
1740.86
852.17
2277.09
1905.91
1100.01
1073.13
1788.16
2526.70
858.47
1923.51
1694.95
2192.98
1045.62
1559.07
388.26
760.19
1790.07
986.25
1034.62
1768.25
2057.65
2107.86
1576.31
987.71
555.26
1618.94
2798.38
1794.68
1431.95
2247.03
1288.71
1592.41
1734.81
1303.48
1039.23
1765.06
784.35
2171.15
2273.44
2153.32
735.90
914.66
2431.41
1333.15
1552.99
786.37
1502.26
732.39
1285.55
846.04
1138.58
1199.66
1692.27
767.65
1733.27
1718.01
1581.85
2525.33
2333.24
297.10
861.86
641.76
781.47
2270.99
1039.27
1900.22
2131.19
695.84
972.46
2485.28
2269.38
1660.61
1789.97
372.68
582.80
838.25
1423.20
1499.37
1345.51
1111.51
1392.22
841.77
1613.25
533.14
1401.04
1417.75
2216.50
1960.57
2006.93
1109.70
1179.75
678.98
1904.68
527.04
854.95
768.79
1734.32
660.99
1310.27
2210.20
1040.80
1825.56
584.59
1729.89
1238.85
1056.34
2077.18
1453.70
1678.82
1698.32
997.69
1703.73
911.57
1524.88
1506.85
2135.24
1643.51
1169.92
691.29
1845.20
1254.04
2345.57
780.77
822.85
1780.59
1306.11
1101.10
756.88
1164.60
1170.95
418.83
535.66
255.02
998.52
2262.98
575.49
1815.09
2316.43
1933.79
1038.23
2288.33
2149.98
1129.48
1048.13
2296.68
1454.04
1173.95
1046.21
1861.25
1825.76
1085.58
700.22
838.75
1853.55
1150.88
785.44
1640.97
2044.95
655.72
619.27
1328.91
994.64
1368.37
782.58
971.43
967.19
1145.37
637.63
1045.49
224.81
1125.86
1617.10
1313.83
2180.49
887.63
2149.99
1449.09
1950.28
2154.97
888.77
1558.67
2004.22
1337.62
1314.23
483.58
1650.66
702.77
2105.94
633.29
933.33
1663.48
1454.88
2227.40
1409.06
1369.97
1510.04
1374.48
2902.16
1823.75
1193.20
2091.29
1348.90
505.99
1934.34
905.43
2025.30
562.95
198.03
1387.04
884.93
1909.13
2059.18
708.81
1021.67
1359.65
1511.25
993.52
1409.15
1954.29
1703.93
2674.32
1443.00
872.04
633.95
2293.01
1738.50
1677.80
697.59
2137.98
1261.52
916.93
2491.10
1351.33
962.42
1865.97
2061.44
1707.46
2562.44
1183.38
1741.39
861.18
1197.34
1679.22
1775.53
1945.44
1158.73
878.60
1326.37
2034.68
2180.23
2558.02
2559.05
648.34
771.75
1475.88
1015.12
1104.76
578.09
926.02
2260.43
1027.41
759.03
2187.54
601.12
1091.49
1671.95
1130.88
353.27
744.10
1948.39
1524.20
496.21
661.78
2243.22
1837.48
1423.22
1348.77
853.40
391.50
2151.27
1345.59
1746.70
2468.27
1281.26
2166.62
721.51
1759.04
1095.73
1447.85
1268.66
1515.88
1749.85
833.64
1452.71
2219.52
1221.26
1906.07
1897.23
1693.14
678.56
597.15
1160.74
852.95
2085.22
1374.81
2221.79
1899.97
1008.22
1801.91
1668.41
985.40
678.31
2143.57
2570.47
861.15
1329.35
1290.49
840.20
2725.65
519.47
1477.38
1664.33
2322.86
1283.99
2241.05
574.88
1461.55
950.57
1471.59
1805.07
675.99
634.33
1769.96
979.46
2179.95
1288.53
1100.21
1745.66
1280.15
1558.57
1169.26
2682.94
859.62
1578.27
1561.24
809.64
2224.22
1825.87
1101.71
957.91
847.42
2354.68
1104.86
1416.97
2441.64
1244.30
1091.02
2072.09
1453.34
934.32
2007.32
1156.16
1605.51
915.34
927.65
1841.69
974.30
745.03
1781.60
544.94
1683.55
1912.62
1349.28
1348.06
1429.48
2663.00
1938.99
1334.05
2042.72
260.76
861.32
1515.57
1260.59
1681.17
474.07
1172.82
712.20
1760.84
2225.14
1291.59
2117.30
1962.77
1344.44
1533.46
2200.72
1629.29
1343.98
922.00
971.58
2640.84
681.59
1506.82
1800.36
2060.65
967.32
596.45
1562.28
2071.39
1185.95
920.30
1698.05
2288.10
1320.44
1425.66
546.96
2066.27
2058.79
1045.77
1396.44
2485.36
1469.42
2256.43
455.46
1323.48
686.58
1229.06
1542.77
1543.69
1490.84
852.75
583.49
2081.89
910.48
1114.51
1977.47
1007.20
989.24
1424.85
948.98
1657.48
1382.69
785.54
1353.12
1359.02
466.49
925.73
479.88
2648.10
1279.87
530.85
1042.26
284.29
978.49
1202.01
920.66
1700.42
2571.82
763.91
565.00
1132.46
2124.32
2053.05
1354.74
2010.38
892.18
2303.63
2048.30
1844.27
1688.89
1483.82
1143.09
1066.85
953.16
1277.20
2571.73
2141.47
2067.42
1788.03
1248.69
709.17
1244.64
2146.89
1040.08
1970.28
394.14
789.60
2064.22
797.74
1636.58
1248.86
2041.87
218.70
1367.05
2781.13
2270.11
851.70
1511.46
1646.16
2089.83
2212.30
2209.72
1720.18
1482.27
641.38
1567.29
912.84
1491.30
1904.37
154.26
2077.12
571.58
657.54
1653.48
1048.16
2207.41
1540.13
2116.35
2247.88
1217.91
2184.40
1297.28
2401.10
1129.83
622.16
1815.39
1725.77
1637.56
600.49
2017.75
2469.67
762.78
1598.26
1081.73
1862.53
2356.07
1722.12
2430.36
1894.16
1156.98
437.51
798.41
1330.78
2546.20
1763.25
1792.66
688.23
1716.36
1254.58
2515.10
987.90
793.12
1957.27
1481.70
586.69
1824.93
2214.84
1351.13
1523.09
809.29
984.96
1142.15
2286.17
1075.40
1680.81
2336.27
1438.90
499.04
1579.56
1255.37
862.49
1660.74
2456.61
772.85
552.68
1852.69
1605.74
1841.82
899.63
1286.38
1530.33
1298.83
916.79
1095.79
2256.05
1737.20
686.50
1445.84
1223.80
841.64
1124.97
2459.11
1908.63
1213.03
1787.53
1423.00
2150.61
1689.59
2154.84
2221.21
1788.90
1378.91
1502.69
1424.71
1305.85
2192.16
2398.10
1652.76
1962.11
1774.09
512.37
1857.00
708.60
1045.70
1442.80
1145.89
1031.22
485.95
554.99
1872.65
719.35
1827.79
2189.93
2057.36
1124.06
1834.71
523.74
1326.28
1592.44
1111.02
1723.67
793.75
1870.86
1081.82
1683.50
541.01
1153.40
914.37
989.00
1700.92
1401.75
1015.03
1223.70
1776.23
1373.68
1106.32
980.86
1494.89
959.31
2162.86
640.92
722.27
1839.13
449.60
2143.46
1287.26
1315.23
672.27
1897.68
769.43
2484.86
2238.10
657.35
2058.73
531.96
545.73
1761.32
1595.30
1851.33
2389.14
843.51
1196.70
1720.57
233.73
1858.53
827.96
1033.15
1997.12
1578.20
1631.89
1881.66
620.34
2160.10
1869.08
472.13
915.92
570.39
1116.14
1893.37
1157.50
1400.72
1962.57
1305.69
966.17
1996.41
1706.62
928.54
1623.46
1205.01
1206.90
559.49
1892.80
2153.96
1061.45
627.35
1128.78
1868.81
2609.74
1332.59
2282.13
1936.46
1529.94
2330.32
874.91
2186.07
1536.72
1000.07
1106.75
1445.58
1406.15
853.31
1631.92
2137.18
1940.22
943.53
1223.38
2320.20
1496.87
1305.01
762.96
792.29
879.72
1381.37
1151.70
2278.78
1349.58
829.04
1008.26
628.76
2224.96
1329.62
800.36
1270.80
2468.59
2764.69
1104.40
1168.20
1731.70
587.93
258.02
1825.30
731.98
871.02
1500.57
1466.29
1680.05
2056.94
1125.15
2042.51
1822.55
921.06
759.40
1179.09
757.82
1508.19
1084.20
684.18
506.90
512.18
1748.19
2312.49
2449.46
1143.38
2365.62
947.92
1508.40
1845.32
754.94
950.37
1807.00
726.88
1628.20
1767.52
2222.56
1260.57
975.11
1017.10
1868.24
1180.26
1332.69
1237.84
1133.31
763.68
1216.34
850.08
1818.43
1147.22
1056.99
1611.66
2203.94
1448.35
1902.28
183.85
285.04
1699.42
1606.66
1164.31
2003.04
1230.49
997.52
489.61
1776.13
1049.61
2586.18
647.41
1785.56
1021.42
508.01
2314.14
1033.03
504.94
1212.08
1385.08
1155.31
888.72
2042.64
906.01
420.80
2164.70
2457.30
656.74
1727.64
1189.39
2596.68
733.18
1865.17
918.63
827.58
1636.05
1525.72
1364.50
983.81
1139.96
1299.64
527.57
604.02
732.79
1484.26
1726.53
2187.59
1593.54
817.71
1429.70
1217.15
1447.31
1328.97
641.62
930.12
2076.89
1130.59
1342.24
1732.38
560.63
1449.77
2003.08
1164.77
1970.54
770.73
1036.05
2113.62
1750.48
1228.02
1651.12
1156.75
729.24
181.16
2437.20
1195.06
1803.40
838.31
1540.60
1937.32
2423.16
1121.13
2180.39
910.13
1671.46
644.85
2203.34
1016.33
1108.48
1695.43
2280.36
1083.82
1561.53
2175.39
2053.23
681.61
1126.95
858.50
544.38
706.70
1899.87
2317.50
1415.55
442.06
1400.60
613.20
1639.95
1217.82
1427.82
1367.22
1552.62
1327.34
712.76
2101.32
1035.31
1522.88
1012.12
1676.29
1484.75
1160.14
725.34
1120.38
1289.26
2193.14
522.47
1849.39
1392.19
2638.47
1362.29
1771.69
2315.41
1060.02
1947.65
1438.38
1747.52
1054.94
1707.28
1684.03
638.86
1629.61
812.94
576.45
2449.25
1435.26
2114.81
1274.92
1024.19
730.58
2531.47
1353.03
2557.72
1101.70
2004.32
1962.65
633.70
1304.00
623.43
597.55
1491.35
1743.95
698.11
1814.49
1763.78
1555.80
1675.32
1640.15
1693.39
2594.76
1303.96
445.02
715.96
772.78
1433.45
1007.00
1314.62
1278.99
980.86
247.88
1624.60
1916.51
871.03
1368.63
1040.62
1968.88
1476.23
979.92
447.99
2740.85
1644.74
1698.19
1525.13
615.50
2189.96
1036.54
1766.17
2298.17
219.42
848.19
268.50
1897.53
1386.16
603.15
2194.85
1528.13
1506.45
1191.58
849.36
2270.62
2022.46
301.10
1840.79
1385.20
2625.13
891.99
2083.78
1898.46
2395.02
1516.57
1601.43
774.69
1272.30
587.79
1712.68
1614.33
880.16
1223.12
1060.81
824.33
2010.36
153.67
1158.23
1550.04
1759.90
946.15
549.65
1353.90
1646.47
1387.09
1776.78
1299.78
1460.69
994.37
1186.46
1425.50
1208.29
1220.75
1209.38
751.26
1607.72
1345.92
1265.02
847.51
535.73
1779.34
1327.58
480.78
1958.24
1461.55
2081.37
1878.37
766.82
1946.10
805.40
2375.40
786.10
971.40
823.64
506.83
1991.48
2014.88
1488.44
2346.37
1460.09
819.35
909.75
2005.49
419.41
1835.66
799.34
1300.82
2161.01
2638.10
677.52
950.96
882.29
1873.98
1711.95
870.27
1171.52
541.16
2233.33
1709.22
1550.69
1695.15
886.18
2414.58
1560.60
1341.04
758.26
1507.78
857.03
1973.91
941.16
1261.39
1614.58
953.11
2249.18
1282.46
686.26
1194.53
721.94
1162.28
860.96
1707.57
2175.18
1925.92
828.78
2101.10
1316.98
1348.36
1166.17
1507.81
1617.14
939.54
1669.95
1137.25
1622.07
617.90
833.06
2154.50
1871.86
1764.23
1959.19
2241.47
1879.45
1730.60
1653.12
1297.10
1379.44
1815.58
1055.91
1810.88
1241.69
1506.14
1338.92
1240.92
800.74
2040.39
712.72
2147.32
2096.47
2349.25
1466.28
1150.32
1193.24
2583.78
265.38
1111.45
838.10
1884.19
1219.08
1301.55
1488.05
1461.40
902.84
802.41
1462.14
2369.17
1362.38
2347.46
1798.17
1938.39
1973.12
1882.28
1161.03
1904.49
430.55
1442.17
1470.17
1185.91
729.32
1812.70
1285.05
1184.38
1060.30
1600.50
1213.31
1655.07
1782.51
697.19
1097.97
2127.86
1635.55
651.76
719.08
1103.40
1031.51
1373.61
487.22
710.27
1144.70
1997.56
728.43
1197.00
721.60
1951.28
613.53
888.45
748.85
2002.49
874.57
1762.89
1958.15
825.13
793.32
437.39
1866.98
1613.60
609.70
1693.52
2552.37
1104.71
2531.75
939.65
1642.62
1288.99
1187.06
1134.57
759.08
1344.43
2078.55
626.99
1014.45
2448.52
1382.54
765.65
1385.15
1483.36
2512.95
1850.28
708.09
973.45
1809.07
1252.67
819.86
1349.99
733.57
305.36
2274.28
1655.97
1004.52
730.18
1624.30
955.50
1716.32
1449.25
780.20
1506.68
1781.26
1434.41
1207.10
1406.49
1198.36
918.80
1994.04
2086.34
1814.09
1740.61
1700.75
921.81
1827.62
1823.42
1797.74
1195.34
776.90
1923.76
1602.42
847.62
1639.14
978.11
1172.91
759.51
1314.13
806.26
2162.03
1397.31
1158.96
1591.88
1229.54
1091.18
619.76
1152.00
1323.14
1102.08
1337.59
771.31
905.66
1331.38
574.93
1137.21
1675.72
866.89
1874.41
1331.27
1796.79
955.06
1151.39
965.87
1324.81
702.18
1013.09
1611.64
1671.06
2328.53
1079.20
2091.37
608.51
735.40
2287.06
1205.24
741.39
1377.84
856.66
743.68
2225.34
2103.73
751.17
1795.12
2748.00
1371.02
1400.25
1528.87
1007.59
1501.22
790.92
955.69
1248.74
707.96
423.16
2250.70
1884.40
600.19
981.70
1814.81
759.55
1796.07
2113.34
1104.98
575.35
1550.44
1117.49
1037.49
454.33
494.83
1504.51
1922.76
1554.59
1970.91
779.41
2106.74
913.54
919.25
1722.30
2315.75
1469.38
1903.12
1543.08
1423.21
992.54
972.54
1492.11
2101.10
2045.60
964.54
1934.51
1966.00
1656.08
2509.10
2178.90
1344.94
1182.77
2562.07
2129.68
710.15
1230.07
534.89
1941.82
1506.95
1796.00
2149.01
1603.77
949.71
1209.82
1440.00
1249.96
1182.91
1082.96
1221.98
665.07
1605.16
991.44
1191.84
1051.35
680.82
874.83
1396.26
1832.88
905.67
1618.71
1185.09
2103.72
1739.32
1351.43
751.76
2165.49
1282.69
2366.55
1850.51
1731.95
486.06
519.36
2482.46
1673.49
1191.54
1635.94
948.10
1566.15
2046.50
1261.66
1915.82
1650.81
1667.30
2355.21
1769.28
1055.64
1043.94
1157.49
956.38
700.06
786.88
812.87
732.87
735.04
1109.51
1199.20
780.26
1150.14
2028.84
453.16
583.72
1757.44
1003.57
911.75
1143.22
1416.90
800.23
1208.02
1788.48
822.17
1199.01
1971.42
1073.95
1975.65
1240.06
1155.27
1638.02
680.52
1593.92
1985.61
2140.28
1272.42
414.20
946.98
1399.82
918.89
1109.53
1847.57
706.14
2211.94
1719.24
1377.45
2386.06
1849.63
932.27
742.48
1639.89
940.91
737.79
580.93
805.00
2008.47
2049.87
510.62
1918.56
1037.52
1769.63
1370.46
2249.65
2623.66
1783.80
679.10
2412.19
701.64
638.89
386.25
1506.99
1220.06
835.75
819.31
1293.71
2397.44
1468.96
2020.27
926.60
635.61
1347.38
1120.48
2267.39
2312.51
930.69
1335.72
1428.57
1032.94
1737.60
1644.03
833.13
2013.42
1572.53
1448.14
1706.35
351.24
1451.68
1675.35
1166.57
962.75
883.36
1585.42
1237.55
1221.39
874.83
1435.77
1438.87
1872.61
1309.79
1857.33
764.35
1722.52
2339.81
2089.78
1141.22
2054.62
1333.22
1194.05
439.04
1033.38
2604.05
1036.40
1807.39
1031.88
1529.98
231.53
1538.07
768.09
872.36
2522.64
2295.30
313.96
1510.24
312.26
1759.87
1164.78
1843.52
984.12
1956.84
2127.70
375.84
203.40
961.12
1159.62
1414.61
1807.58
706.62
1292.32
1238.12
1747.04
1139.10
1428.12
634.02
694.86
1814.03
2163.57
682.10
939.05
1322.21
1663.24
487.09
1202.44
1564.83
1814.71
1590.71
1273.49
1344.35
968.25
544.10
1859.39
1512.80
1786.81
1803.44
1587.12
1387.48
669.25
2074.70
559.53
1200.68
1689.12
1653.47
1088.50
719.57
1395.34
1204.70
1115.26
1045.90
2165.63
2316.06
2111.28
1117.80
1825.77
922.80
1242.34
2177.64
1406.82
1471.81
529.51
1109.35
1436.01
1668.46
1208.79
1968.49
1790.88
887.51
1662.69
1743.90
2203.19
579.03
1447.21
1124.39
992.61
2576.32
1455.52
2203.03
1089.70
990.55
1090.86
1449.90
1250.83
1564.83
611.79
940.45
1574.60
1138.51
1710.94
1378.52
1520.87
1262.28
660.00
915.39
2187.43
1284.84
992.41
856.82
2266.86
830.86
935.17
1752.35
726.75
906.67
1278.26
1742.57
1320.16
2026.51
406.30
670.62
1851.21
1056.28
954.54
618.67
1942.37
734.55
1448.92
1943.61
899.40
1520.41
1233.32
1100.06
1250.72
1603.79
1510.71
1492.97
1576.08
661.81
2452.29
1210.96
1407.44
2460.77
1364.67
2012.94
1397.82
1687.91
586.51
776.09
1208.16
659.37
2106.57
2196.35
2189.42
1901.35
1583.81
1776.90
1722.50
1414.70
1645.43
1214.70
1211.80
1466.30
2839.98
1994.97
2164.71
831.10
630.11
743.63
1216.71
1926.45
2177.59
374.85
1227.43
435.98
1191.89
2273.66
1004.72
1615.83
1697.61
1390.57
1507.13
1273.13
2036.00
1130.47
822.16
2492.31
954.11
468.37
987.53
1099.57
780.90
2059.36
948.58
1273.93
1673.55
480.57
438.70
2289.22
1300.32
1152.91
2109.79
1750.52
1663.23
2168.35
1544.75
843.89
1383.51
1336.20
1918.99
463.92
2005.47
1790.67
1004.08
412.53
1490.40
966.48
1475.62
1757.96
1470.43
709.64
551.15
778.60
899.27
1962.07
814.61
689.89
2205.51
1799.69
2092.04
972.74
602.14
448.40
1300.03
2043.99
2174.60
358.92
2052.84
1775.57
1882.46
1343.07
1470.75
1433.80
640.87
1923.48
1767.53
947.46
885.40
791.52
1228.52
1365.16
509.14
2138.73
1252.85
892.34
1242.04
1693.32
1243.47
1394.30
2822.78
1083.98
464.68
1380.19
1081.13
1679.68
1234.13
1871.67
1115.91
1402.27
1378.25
2212.50
1449.58
957.85
1577.62
2529.84
1177.33
1512.41
1867.93
1149.34
938.92
1551.27
613.36
1359.42
778.27
1584.66
1318.74
823.24
1084.68
778.82
1292.95
2383.28
1028.55
2567.61
964.76
1582.47
1557.93
1289.42
2538.15
1341.68
1425.67
709.35
1412.92
698.43
1793.47
1747.71
2213.91
1980.98
1919.98
698.17
847.00
1798.86
2030.29
700.71
2201.75
1055.14
838.12
1924.32
1642.96
2017.82
1186.34
1950.87
1367.51
1793.49
256.10
1020.31
1254.57
1024.84
1094.13
2334.00
1205.67
1208.94
1588.80
1694.82
743.02
93.42
660.94
1002.54
2006.18
2362.32
2087.76
1505.55
1459.77
747.37
1211.12
761.68
1706.24
1509.10
1129.57
1416.98
1539.43
1612.44
512.67
1113.06
1932.38
1984.27
975.28
1901.08
1031.65
2349.17
1860.62
1249.87
2111.66
648.88
1181.60
453.97
793.58
381.32
1923.68
1837.28
1852.95
1004.30
1823.13
833.00
901.66
631.48
1981.86
2290.66
1368.27
2243.48
1509.25
809.22
1788.69
1348.85
998.19
614.46
1753.28
863.35
1328.50
651.47
1743.02
2061.97
1345.36
1778.69
685.02
2379.85
1514.41
809.06
1690.87
1248.71
1317.42
2013.34
1473.51
734.57
1396.99
2458.10
1742.86
790.10
1836.12
1122.81
2050.93
1030.79
1912.82
1118.78
512.44
1442.23
1192.00
173.10
1222.02
1781.14
1174.70
1839.12
1263.64
1213.94
2033.13
2388.77
1004.50
1687.42
499.87
1610.54
1017.01
1676.57
2432.87
2350.55
1444.37
1222.74
817.61
2469.06
1364.42
2044.60
1379.24
1625.41
1011.09
1892.48
317.44
561.72
921.28
1130.37
2307.03
635.40
1562.91
2347.52
1317.44
1879.46
271.35
949.05
1167.60
786.40
656.00
612.44
1217.90
1754.91
2669.45
1788.71
2035.47
1141.31
1241.09
1794.81
1678.64
1499.84
2414.45
699.86
1047.94
1096.74
708.74
2831.61
1217.71
1583.42
1376.93
1484.85
1390.85
653.55
1223.76
1985.26
1399.70
1725.89
1000.82
1157.18
2477.36
1108.56
238.46
1654.17
1951.31
1517.87
650.97
1569.30
1080.14
831.37
689.32
2601.30
1203.69
1065.78
1754.17
2282.74
1813.08
882.71
2236.86
1599.01
912.38
314.97
1111.30
1250.65
999.42
1417.31
2026.47
1152.77
441.05
530.38
2076.04
716.20
